"images/pic02.png"[[131, 107, 281, 111], [54, 15, 242, 74]];
"images/pic02.png"[[299, 27, 310, 160], [293, 116, 297, 176], [303, 122, 303, 152]];
"images/pic02.png"[[64, 186, 187, 198], [217, 156, 246, 189], [141, 66, 227, 181], [301, 111, 303, 142], [88, 124, 145, 152], [30, 12, 107, 30], [200, 136, 271, 173], [275, 22, 309, 98]];
"images/pic02.png"[[35, 165, 140, 186], [253, 199, 279, 199], [248, 147, 259, 169], [32, 23, 59, 78], [314, 60, 314, 65], [133, 52, 172, 182]];
"images/pic02.png"[[103, 44, 229, 138], [22, 91, 216, 91], [122, 136, 212, 177], [137, 57, 191, 196], [106, 48, 295, 49]];
"images/pic02.png"[[142, 78, 246, 96], [45, 80, 215, 149], [224, 5, 268, 11], [52, 176, 136, 197], [222, 56, 222, 140], [217, 151, 296, 195], [191, 139, 292, 186], [272, 130, 315, 137]];
"images/pic02.png"[[120, 198, 158, 198], [172, 90, 286, 171], [314, 55, 319, 152], [307, 96, 317, 125], [231, 65, 307, 150]];
"images/pic02.png"[[50, 7, 261, 39], [243, 37, 316, 76], [17, 129, 24, 190], [245, 90, 307, 183], [154, 167, 287, 195], [55, 59, 74, 133], [60, 62, 232, 169]];
"images/pic02.png"[[3, 66, 18, 190], [262, 126, 265, 141], [263, 12, 299, 90], [0, 173, 110, 190], [79, 117, 162, 136]];
"images/pic02.png"[[34, 182, 283, 193], [167, 10, 227, 95], [6, 1, 107, 20], [157, 194, 189, 197]];
"images/pic02.png"[[52, 27, 116, 89], [104, 30, 177, 36], [11, 126, 275, 172], [163, 138, 255, 140]];
"images/pic02.png"[[152, 196, 268, 198], [240, 46, 281, 118], [107, 145, 301, 182], [266, 67, 317, 125], [51, 28, 119, 87], [111, 99, 283, 166], [263, 25, 311, 58], [148, 71, 225, 163], [1, 16, 138, 19], [236, 90, 240, 155]];
"images/pic02.png"[[227, 23, 314, 189]];
"images/pic02.png"[[83, 115, 96, 181]];
"images/pic02.png"[[76, 65, 170, 152], [144, 120, 286, 123], [123, 8, 260, 127], [236, 22, 297, 147], [98, 125, 143, 191], [215, 196, 292, 199], [196, 44, 237, 144], [6, 4, 86, 49], [86, 148, 284, 196]];
"images/pic02.png"[[63, 134, 163, 197], [279, 192, 314, 197], [274, 155, 307, 161], [252, 39, 320, 64], [58, 146, 256, 190], [203, 160, 271, 172], [267, 53, 317, 199], [202, 102, 258, 135], [36, 175, 177, 199], [103, 126, 118, 153]];
"images/pic02.png"[[287, 165, 308, 192], [49, 38, 259, 92]];
"images/pic02.png"[[213, 7, 250, 195], [305, 114, 317, 130], [22, 96, 110, 106], [188, 16, 299, 72], [91, 129, 320, 130], [180, 103, 211, 143], [296, 139, 309, 158], [128, 182, 236, 194], [279, 58, 320, 108], [10, 156, 266, 177]];
"images/pic02.png"[[30, 100, 226, 187], [47, 40, 71, 69], [19, 150, 167, 190], [272, 145, 308, 186], [81, 164, 210, 164], [173, 71, 266, 79], [128, 161, 207, 194], [71, 15, 183, 77], [212, 90, 226, 150]];
"images/pic02.png"[[301, 114, 304, 170], [134, 56, 188, 144], [276, 148, 310, 149], [253, 191, 298, 193]];
"images/pic02.png"[[103, 118, 278, 189], [153, 23, 224, 158], [209, 88, 236, 157]];
"images/pic02.png"[[283, 9, 293, 26], [103, 132, 267, 136], [101, 54, 230, 90], [88, 193, 110, 193], [298, 57, 317, 126], [280, 132, 301, 173], [273, 146, 314, 180], [64, 140, 295, 196], [5, 64, 145, 187], [14, 131, 39, 138]];
"images/pic02.png"[[163, 164, 242, 170], [11, 188, 176, 194], [59, 98, 204, 159], [93, 167, 305, 195], [45, 162, 89, 175], [7, 156, 54, 170], [12, 108, 289, 143]];
"images/pic02.png"[[244, 164, 275, 184], [192, 131, 256, 155], [200, 136, 218, 177], [146, 108, 189, 109], [120, 148, 307, 170], [96, 91, 182, 151], [128, 37, 320, 90], [62, 101, 130, 160]];
"images/pic02.png"[[219, 61, 243, 159], [213, 49, 314, 133], [235, 33, 273, 181]];
"images/pic02.png"[[283, 164, 300, 195], [245, 15, 320, 44], [269, 33, 315, 197], [274, 78, 298, 172], [19, 176, 252, 190], [78, 131, 234, 148], [44, 75, 146, 188], [207, 129, 229, 156]];
"images/pic02.png"[[248, 139, 248, 169], [170, 26, 223, 166], [50, 76, 314, 81], [9, 149, 79, 149], [305, 140, 312, 196], [153, 91, 161, 134], [131, 92, 204, 137], [143, 172, 228, 200], [308, 108, 312, 158], [310, 13, 313, 150]];
"images/pic02.png"[[292, 95, 315, 175], [136, 105, 298, 141], [126, 164, 126, 192], [61, 33, 209, 35]];
"images/pic02.png"[[182, 111, 282, 155], [301, 52, 312, 174], [143, 150, 181, 180], [194, 73, 295, 166], [232, 171, 317, 197], [100, 165, 169, 199], [143, 28, 178, 195]];
"images/pic02.png"[[198, 180, 218, 184]];
"images/pic02.png"[[263, 95, 306, 123], [228, 119, 305, 126]];
"images/pic02.png"[[224, 62, 266, 128], [109, 104, 313, 145], [160, 40, 210, 92], [56, 52, 57, 179], [200, 148, 297, 192], [64, 187, 277, 192], [154, 40, 301, 84], [101, 186, 156, 190]];
"images/pic02.png"[[74, 106, 146, 198], [73, 16, 191, 161], [66, 174, 181, 178], [13, 91, 253, 119], [294, 126, 299, 191]];
"images/pic02.png"[[65, 173, 280, 187], [190, 30, 298, 112], [279, 181, 286, 191], [0, 67, 120, 86], [193, 43, 233, 80], [215, 26, 284, 148], [293, 66, 316, 100], [168, 48, 206, 177], [223, 22, 297, 85]];
"images/pic02.png"[[261, 179, 313, 179], [191, 127, 217, 175], [78, 121, 90, 130], [295, 41, 319, 103], [67, 85, 102, 102], [174, 86, 266, 100], [269, 69, 289, 195], [12, 93, 13, 166], [63, 68, 200, 180]];
"images/pic02.png"[[157, 154, 215, 166]];
"images/pic02.png"[[256, 49, 313, 200], [132, 177, 295, 185], [190, 25, 194, 132], [107, 143, 107, 185], [180, 71, 257, 87]];
"images/pic02.png"[[119, 16, 204, 91], [132, 188, 191, 197], [201, 159, 221, 190], [33, 59, 201, 137], [193, 79, 284, 136], [205, 164, 238, 199], [268, 144, 275, 199], [81, 146, 249, 194], [295, 32, 318, 71]];
"images/pic02.png"[[101, 97, 174, 176], [143, 173, 166, 190], [70, 121, 219, 178], [317, 118, 317, 128], [62, 141, 138, 172], [62, 113, 145, 182]];
"images/pic02.png"[[2, 130, 314, 190], [43, 79, 207, 187], [238, 167, 243, 200], [59, 139, 214, 163], [249, 150, 313, 193]];
"images/pic02.png"[[197, 96, 268, 122], [224, 20, 287, 150]];
"images/pic02.png"[[166, 148, 183, 162], [237, 72, 248, 153], [96, 165, 271, 171], [306, 11, 313, 59], [62, 105, 94, 156], [37, 80, 175, 172]];
"images/pic02.png"[[313, 13, 313, 44], [124, 74, 312, 186], [131, 32, 205, 194], [74, 65, 286, 134], [10, 164, 77, 167], [174, 92, 281, 158], [36, 107, 175, 157], [136, 122, 225, 123], [158, 52, 171, 169]];
"images/pic02.png"[[0, 172, 283, 187], [247, 146, 313, 158], [10, 154, 184, 191]];
"images/pic02.png"[[162, 34, 291, 57], [164, 38, 306, 132]];
"images/pic02.png"[[235, 40, 282, 69]];
"images/pic02.png"[[278, 65, 278, 131], [272, 135, 307, 198], [100, 186, 168, 188], [301, 75, 304, 119], [142, 199, 142, 199], [253, 147, 282, 175]];
"images/pic02.png"[[44, 46, 163, 104], [9, 4, 201, 159], [316, 198, 318, 200]];
"images/pic02.png"[[153, 118, 176, 148]];
"images/pic02.png"[[176, 5, 187, 114], [202, 98, 263, 149]];
"images/pic02.png"[[207, 149, 314, 179], [264, 1, 290, 42], [219, 117, 293, 123], [257, 177, 299, 189], [292, 82, 293, 99], [78, 53, 272, 152]];
"images/pic02.png"[[248, 15, 265, 163], [137, 199, 165, 200], [41, 190, 87, 192], [104, 121, 297, 161], [289, 82, 301, 97], [318, 107, 319, 179], [298, 117, 317, 154], [102, 183, 142, 190]];
"images/pic02.png"[[150, 160, 206, 200], [81, 28, 189, 69]];
"images/pic02.png"[[110, 122, 227, 144], [233, 115, 279, 175], [17, 163, 29, 168], [302, 167, 319, 184]];
"images/pic02.png"[[158, 192, 189, 195]];
"images/pic02.png"[[97, 145, 211, 185], [17, 16, 280, 86], [34, 185, 237, 195]];
"images/pic02.png"[[128, 196, 146, 197], [56, 130, 112, 160], [50, 141, 82, 163], [62, 133, 223, 141], [102, 107, 253, 164]];
"images/pic02.png"[[32, 123, 167, 163], [112, 25, 186, 127], [51, 36, 118, 76], [264, 81, 270, 189], [183, 187, 253, 194], [253, 124, 261, 163]];
"images/pic02.png"[[278, 138, 313, 170], [161, 56, 308, 61], [274, 186, 287, 186], [77, 116, 301, 167], [13, 38, 190, 52], [134, 16, 142, 200], [281, 27, 283, 83], [216, 186, 296, 186], [212, 157, 245, 190], [19, 164, 312, 190]];
"images/pic02.png"[[107, 100, 144, 137], [133, 173, 235, 183], [198, 42, 205, 101], [159, 136, 199, 145]];
"images/pic02.png"[[197, 42, 245, 127], [16, 99, 215, 128], [300, 140, 313, 198], [150, 58, 192, 172], [89, 111, 116, 199], [56, 129, 225, 168]];
"images/pic02.png"[[120, 48, 286, 195], [289, 124, 305, 186], [158, 141, 263, 193], [30, 70, 90, 194], [38, 52, 195, 94], [175, 65, 242, 128], [68, 136, 250, 179], [277, 160, 312, 161], [19, 44, 131, 45], [19, 191, 319, 192]];
"images/pic02.png"[[320, 114, 320, 133], [253, 41, 290, 42], [189, 114, 246, 194], [139, 102, 286, 108], [164, 0, 198, 49], [116, 58, 167, 149], [131, 0, 244, 48], [99, 178, 159, 195], [90, 59, 114, 125], [311, 193, 319, 195]];
"images/pic02.png"[[206, 160, 296, 178]];
"images/pic02.png"[[218, 116, 254, 123]];
"images/pic02.png"[[147, 57, 196, 143], [31, 15, 295, 109], [154, 124, 217, 163], [10, 4, 139, 47], [265, 191, 303, 199], [77, 104, 231, 106], [40, 132, 289, 181], [291, 51, 301, 128], [163, 6, 194, 155]];
"images/pic02.png"[[133, 78, 320, 140], [78, 127, 173, 166], [223, 100, 263, 125], [206, 180, 245, 200], [150, 90, 280, 111], [210, 175, 211, 181], [75, 96, 241, 171]];
"images/pic02.png"[[160, 100, 270, 105], [303, 6, 311, 184], [83, 190, 318, 197], [277, 130, 304, 172], [24, 123, 298, 185], [124, 75, 193, 78], [1, 116, 137, 177], [1, 155, 259, 185], [49, 10, 85, 13], [224, 0, 234, 27]];
"images/pic02.png"[[282, 162, 293, 197], [237, 135, 257, 194]];
"images/pic02.png"[[121, 86, 246, 91], [317, 108, 318, 125], [242, 46, 262, 56], [114, 94, 191, 185], [239, 193, 291, 193], [42, 59, 94, 89], [269, 102, 276, 183]];
"images/pic02.png"[[175, 108, 315, 163], [27, 159, 108, 200], [101, 146, 177, 151], [89, 5, 296, 50], [146, 46, 310, 61], [118, 25, 221, 121]];
"images/pic02.png"[[101, 138, 124, 162], [141, 117, 274, 184], [56, 125, 184, 175], [122, 33, 230, 122], [248, 43, 295, 97], [68, 95, 226, 194], [78, 187, 295, 195], [131, 28, 141, 159], [23, 125, 32, 145], [142, 163, 201, 197]];
"images/pic02.png"[[157, 89, 217, 152], [292, 82, 309, 198], [272, 66, 296, 146], [44, 79, 305, 196], [91, 186, 219, 186], [261, 5, 265, 105], [308, 139, 309, 162], [305, 93, 309, 142], [176, 146, 295, 172], [218, 200, 223, 200]];
"images/pic02.png"[[161, 125, 251, 183], [274, 184, 319, 186], [163, 166, 189, 189], [228, 123, 265, 156], [22, 41, 131, 169]];
"images/pic02.png"[[230, 75, 293, 120], [205, 176, 216, 192], [236, 31, 305, 33], [155, 175, 173, 200], [139, 47, 169, 85], [219, 159, 248, 175], [184, 161, 184, 178], [43, 19, 225, 182], [268, 180, 286, 188], [11, 172, 280, 198]];
"images/pic02.png"[[215, 44, 223, 185], [28, 185, 80, 194]];
"images/pic02.png"[[311, 162, 318, 177], [35, 164, 289, 171], [116, 199, 193, 200]];
"images/pic02.png"[[263, 152, 291, 164], [273, 158, 302, 160], [33, 51, 104, 127], [44, 104, 198, 159], [107, 63, 245, 98]];
"images/pic02.png"[[13, 26, 126, 148], [303, 65, 316, 123], [103, 69, 250, 89], [5, 156, 107, 163], [274, 63, 319, 158], [222, 67, 236, 120], [317, 39, 318, 131], [126, 107, 166, 164], [142, 104, 297, 147]];
"images/pic02.png"[[1, 47, 265, 68], [260, 134, 311, 190], [86, 190, 244, 193], [41, 143, 213, 168], [30, 3, 210, 40], [53, 84, 210, 174], [115, 53, 163, 183], [159, 187, 310, 193]];
"images/pic02.png"[[158, 80, 312, 180], [315, 178, 315, 184], [320, 56, 320, 99], [287, 50, 308, 87], [163, 24, 284, 182], [11, 191, 62, 192], [43, 95, 303, 116], [48, 86, 54, 154]];
"images/pic02.png"[[44, 118, 98, 126]];
"images/pic02.png"[[258, 32, 281, 133], [34, 125, 78, 156], [181, 177, 194, 181], [50, 108, 103, 123], [256, 89, 279, 193]];
"images/pic02.png"[[288, 198, 289, 199], [89, 107, 157, 130], [97, 42, 293, 191], [125, 56, 223, 76], [122, 0, 218, 89]];
"images/pic02.png"[[151, 70, 196, 186], [238, 140, 265, 199], [97, 53, 137, 92], [136, 170, 180, 183], [143, 158, 261, 191], [119, 110, 180, 137], [277, 55, 280, 112], [122, 24, 197, 200]];
"images/pic02.png"[[237, 114, 274, 155], [199, 156, 304, 165], [232, 29, 275, 140], [96, 12, 195, 129]];
"images/pic02.png"[[229, 81, 318, 168], [109, 129, 229, 142], [270, 101, 301, 156], [128, 170, 246, 187], [39, 61, 41, 100], [61, 60, 249, 155]];
"images/pic02.png"[[306, 177, 315, 183], [314, 23, 319, 104]];
"images/pic02.png"[[44, 159, 77, 165], [128, 131, 239, 176], [70, 21, 238, 124], [35, 188, 234, 197]];
"images/pic02.png"[[318, 146, 319, 167], [109, 200, 176, 200], [176, 119, 189, 189]];
"images/pic02.png"[[210, 62, 283, 137], [43, 190, 291, 193], [318, 153, 319, 191]];
"images/pic02.png"[[211, 156, 284, 186], [82, 22, 235, 30], [233, 51, 282, 164], [170, 186, 309, 196], [18, 7, 185, 106], [243, 21, 265, 22], [134, 120, 283, 138], [262, 33, 281, 139], [12, 99, 168, 134], [200, 125, 316, 150]];
"images/pic02.png"[[6, 80, 7, 123], [87, 39, 164, 123], [153, 106, 165, 119], [317, 7, 318, 154], [248, 116, 278, 167], [169, 10, 207, 82], [41, 133, 129, 136], [161, 181, 259, 197], [210, 163, 250, 181], [4, 171, 237, 183]];
"images/pic02.png"[[162, 152, 178, 166], [192, 107, 318, 145], [13, 105, 126, 188]];
"images/pic02.png"[[59, 3, 310, 74], [170, 78, 289, 176], [77, 122, 211, 165], [182, 112, 244, 200], [168, 64, 174, 82], [134, 131, 161, 178], [18, 151, 115, 180], [153, 165, 186, 180]];
"images/pic02.png"[[285, 159, 316, 189]];
"images/pic02.png"[[18, 7, 189, 90], [303, 89, 311, 193], [164, 170, 217, 173], [189, 74, 192, 95], [266, 185, 315, 187], [258, 169, 292, 191], [96, 94, 254, 171], [300, 121, 309, 184], [185, 97, 243, 180]];
"images/pic02.png"[[14, 112, 246, 116], [245, 75, 290, 108], [22, 29, 84, 173], [128, 47, 257, 133], [214, 133, 288, 187], [96, 75, 286, 83], [80, 199, 94, 200], [236, 0, 274, 7], [111, 156, 173, 169], [148, 181, 210, 194]];
"images/pic02.png"[[21, 193, 120, 199], [14, 29, 178, 175], [196, 39, 299, 111], [238, 105, 315, 196], [254, 195, 278, 197], [13, 130, 33, 199], [87, 186, 91, 196], [24, 91, 255, 150]];
"images/pic02.png"[[56, 146, 98, 154], [13, 137, 13, 171], [32, 80, 159, 115], [196, 103, 298, 165], [299, 155, 310, 157], [49, 153, 110, 189], [293, 134, 314, 157], [121, 39, 308, 186]];
