160 100
160 100
160 100
160 100
160 100
160 100
160 100
160 100
160 100
160 100
160 100
160 100
160 100
160 100
160 100
160 100
160 100
160 100
160 100
160 100
160 100
160 100
160 100
160 100
160 100
160 100
160 101
156 117
155 120
153 127
152 134
152 147
152 152
153 160
156 167
158 178
159 183
161 189
165 192
170 194
173 196
179 197
180 197
182 197
183 197
183 193
183 192
183 190
183 190
183 190
183 190
181 187
181 187
181 186
180 184
178 182
177 181
177 181
177 181
177 181
177 179
176 178
176 178
176 178
176 178
176 178
176 175
175 169
174 167
173 164
172 158
171 156
171 156
171 156
171 156
171 156
171 156
168 155
166 154
166 154
166 154
166 154
166 152
166 150
166 142
166 142
166 142
166 142
166 139
166 138
166 132
166 131
166 131
166 131
167 125
168 123
170 121
170 121
170 121
170 121
170 121
171 121
171 121
171 121
171 121
171 121
171 112
171 109
171 104
171 102
171 102
171 102
171 102
171 102
171 98
171 90
171 86
171 85
171 79
172 73
173 62
173 59
173 58
173 58
173 58
173 52
174 51
174 51
174 51
174 51
174 51
171 51
166 51
164 51
164 51
160 51
154 51
148 51
132 51
123 51
112 51
107 51
107 51
107 51
107 51
107 51
100 51
81 35
69 22
61 15
59 15
54 15
49 15
43 26
41 51
41 93
43 118
52 131
63 132
110 126
139 117
194 106
208 105
221 105
229 107
240 120
248 127
255 133
264 137
266 137
277 134
285 123
288 108
